              n          single        parallel        atomic         critical      2 sections     4 sections         lock       barrier
         100000         0.0014496      0.0011071      0.0006104      0.0157566      4.29997e-06    0.0011359      0.0219507      0.0006502
         200000         0.0032092      0.0002425      0.0010975      0.0314526      3.70003e-06    0.0022756      0.0473684      0.0007679
         300000         0.0049821      0.0008258      0.0015357      0.0426509      5.79999e-06    0.003428       0.0692773      0.0012099
         400000         0.0063971      0.0008961      0.002467       0.0604437      4.50003e-06    0.0046728      0.091021       0.0015325
         500000         0.0079991      0.0013916      0.002723       0.077807       5.09998e-06    0.0050538      0.033873       0.0017609
         600000         0.0100904      0.0020907      0.0033457      0.0923651      6.09999e-06    0.0060572      0.0316138      0.0025678
         700000         0.0110779      0.0016258      0.0039016      0.102786       4.69998e-06    0.007382       0.0448842      0.0032977
         800000         0.0114567      0.001931       0.0045943      0.124679       4.40003e-06    0.009198       0.0471041      0.0036177
         900000         0.0127866      0.0027838      0.0049231      0.142661       9.80002e-06    0.0092663      0.0575085      0.0035452
        1000000         0.0144888      0.0021647      0.0055307      0.158752       5.99999e-06    0.0105232      0.0573474      0.0056318
        1100000         0.0156499      0.0027233      0.0069778      0.170213       6.29999e-06    0.0113295      0.0642397      0.0045959
        1200000         0.013718       0.0016717      0.0050394      0.12623        5.99999e-06    0.0094062      0.0593601      0.0038693
        1300000         0.0130443      0.0022216      0.0062036      0.148353       5.10004e-06    0.0117965      0.0491506      0.0049781
        1400000         0.0140832      0.0029613      0.0060086      0.154905       4.60004e-06    0.0107935      0.0605863      0.0055774
        1500000         0.0152072      0.0026141      0.0065324      0.159109       5.59998e-06    0.0108056      0.105008       0.0051362
        1600000         0.0160483      0.0027991      0.006201       0.176044       3.99997e-06    0.011616       0.0869116      0.0058565
        1700000         0.0170214      0.002847       0.0071175      0.194014       6.00005e-06    0.0122492      0.0897523      0.0053437
        1800000         0.0181334      0.0025474      0.0079023      0.201802       5.59998e-06    0.0129684      0.13269        0.0064723
        1900000         0.0190719      0.0051408      0.007663       0.186288       4.99998e-06    0.0136911      0.0826092      0.006487
        2000000         0.020151       0.0027859      0.008166       0.176942       4.89998e-06    0.0167717      0.0827528      0.0075084
        2100000         0.0211288      0.0029352      0.0083617      0.122181       5.10004e-06    0.0156559      0.0775554      0.00711
        2200000         0.0221905      0.0024708      0.0086385      0.140884       3.89997e-06    0.0157572      0.0913492      0.0082816
        2300000         0.0230555      0.0035881      0.0093292      0.110626       5.89999e-06    0.0165921      0.0880286      0.0074622
        2400000         0.0240886      0.0042478      0.0090997      0.155319       4.40003e-06    0.0172996      0.099391       0.0086452
        2500000         0.0252794      0.0033956      0.0100443      0.162563       5.40004e-06    0.0181158      0.105307       0.0091569
        2600000         0.0270924      0.0070465      0.0093027      0.284576       4.29997e-06    0.0196773      0.11125        0.0092935
        2700000         0.027343       0.0043323      0.0119114      0.300269       4.60004e-06    0.0198859      0.243607       0.008806
        2800000         0.0338473      0.007031       0.0117408      0.314797       4.60004e-06    0.022542       0.133997       0.0098274
        2900000         0.0301741      0.0078999      0.0125045      0.326528       5.79999e-06    0.0252281      0.126188       0.0093635
        3000000         0.0303436      0.0067973      0.0139102      0.34453        4.19997e-06    0.0233675      0.145272       0.0099818
        3100000         0.0311893      0.0084907      0.0130792      0.340912       5.29998e-06    0.0230675      0.118508       0.0104632
        3200000         0.0321191      0.0075053      0.01476        0.361866       5.49998e-06    0.0277771      0.142712       0.0092375
        3300000         0.03315        0.0073091      0.0141731      0.369892       5.19998e-06    0.0240222      0.150951       0.0121509
        3400000         0.0341715      0.0088716      0.0142033      0.379766       5.40004e-06    0.0245604      0.14448        0.0112594
        3500000         0.035294       0.0077632      0.01415        0.391615       4.39998e-06    0.0266369      0.16904        0.0122917
        3600000         0.0376397      0.0096516      0.0153527      0.410961       6.09999e-06    0.0259998      0.182447       0.0109935
        3700000         0.0475319      0.0092068      0.0144836      0.408613       5.90004e-06    0.028892       0.229349       0.0109537
        3800000         0.0415998      0.0092395      0.0163823      0.433873       4.19997e-06    0.0301105      0.191629       0.0120148
        3900000         0.0429188      0.0090515      0.0145529      0.430981       4.79998e-06    0.0306777      0.211981       0.0116768
        4000000         0.0469662      0.009217       0.0176754      0.45534        4.30003e-06    0.028852       0.158756       0.0132436
        4100000         0.0413914      0.0116415      0.0171349      0.466241       6.29999e-06    0.0332944      0.190084       0.0128439
        4200000         0.0428774      0.0096434      0.0171987      0.474353       5.59998e-06    0.0346215      0.244935       0.0133184
        4300000         0.0470865      0.009113       0.0172624      0.49356        4.79998e-06    0.0368799      0.311414       0.0122029
        4400000         0.0501585      0.0108318      0.0174507      0.492663       4.80004e-06    0.0325237      0.25532        0.0141326
        4500000         0.0452047      0.01013        0.0179107      0.50408        5.29998e-06    0.0330986      0.320626       0.0144533
        4600000         0.046207       0.0108757      0.0179502      0.521156       6.89999e-06    0.0331395      0.323925       0.0138938
        4700000         0.0472795      0.0122277      0.0194341      0.538534       4.40003e-06    0.0338373      0.285847       0.0140582
        4800000         0.0489551      0.011935       0.0199376      0.551316       7.5e-06        0.0361504      0.351826       0.0147359
        4900000         0.0511057      0.0117175      0.0213215      0.559233       6.09999e-06    0.0354822      0.452742       0.0165347
        5000000         0.0517364      0.0116955      0.0229371      0.571368       4.49998e-06    0.0376006      0.399431       0.0146397
        5100000         0.051097       0.0131761      0.0211154      0.584888       6.50005e-06    0.0375371      0.409813       0.0167173
        5200000         0.0522497      0.0129005      0.0215509      0.58521        6.20005e-06    0.0375231      0.388379       0.0146617
        5300000         0.053278       0.0141653      0.0220469      0.60587        6.30005e-06    0.0416615      0.527701       0.0145251
        5400000         0.0545247      0.0144989      0.0225378      0.614686       4.19997e-06    0.040925       0.232919       0.0175099
        5500000         0.0558211      0.0132509      0.0221892      0.62861        5.30004e-06    0.0414078      0.536358       0.0158827
        5600000         0.0562213      0.013027       0.0228723      0.640885       5.49998e-06    0.0406103      0.542289       0.0161425
        5700000         0.0572072      0.0134242      0.0229694      0.650582       6.39999e-06    0.0424682      0.55746        0.0197143
        5800000         0.0582835      0.0139058      0.0244923      0.654524       6.29999e-06    0.0418621      0.524361       0.0175822
        5900000         0.0591946      0.0145554      0.0224902      0.66876        4.89998e-06    0.0429254      0.611332       0.0243726
        6000000         0.0615822      0.0141988      0.0244998      0.674304       6.49999e-06    0.0435887      0.598927       0.0172887
        6100000         0.0635282      0.0137104      0.0248644      0.683759       4.39998e-06    0.0497355      0.816397       0.0173585
        6200000         0.0627597      0.0149875      0.0253025      0.71374        4.00003e-06    0.0497959      0.605849       0.021071
        6300000         0.0654985      0.014694       0.027105       0.715683       4.69998e-06    0.0477618      0.450467       0.0168342
        6400000         0.0660066      0.014497       0.0273447      0.723044       3.60003e-06    0.0492445      0.668606       0.0189817
        6500000         0.0706435      0.0164213      0.0244475      0.187738       5.99999e-06    0.0487416      0.636773       0.0187022
        6600000         0.075316       0.0150038      0.0254882      0.697859       6.09999e-06    0.0522019      0.617374       0.0223209
